cp 10 10 20 20 30 30
cp 10 10 20 20 30 30
cp 10 10 20 20 30 30
cp 10 10 20 20 30 30
cp 10 10 20 20 30 30
cp 10 10 20 20 30 30
cp 10 10 20 20 30 30
cp 10 10 20 20 30 30
cp 10 10 20 20 30 30
cp 10 10 20 20 30 30
cp 10 10 20 20 30 30
cp 10 10 20 20 30 30
cp 10 10 20 20 30 30
cp 10 10 20 20 30 30
cp 10 10 20 20 30 30
cp 10 10 20 20 30 30
cp 10 10 20 20 30 30
cp 10 10 20 20 30 30
cp 10 10 20 20 30 30
cp 10 10 20 20 30 30
cp 10 10 20 20 30 30
cp 10 10 20 20 30 30
cp 10 10 20 20 30 30
cp 10 10 20 20 30 30
cp 10 10 20 20 30 30
cp 10 10 20 20 30 30
cp 10 10 20 20 30 30
cp 10 10 20 20 30 30
cp 10 10 20 20 30 30
cp 10 10 20 20 30 30
cp 10 10 20 20 30 30